000101000010111110
000011000100000001
000111101111000100
110110111010001100
111100000000001100
101110000000101110
111100000100000001
110111001111100001
000111100110110001
000111000110000001
000110110000000100
000011100011000010
000100011101110001
111110000010111000
111110111010001000
000000000000000000
000101000010111110
000011000100000001
000111101111000100
110110111010001100
111100000000001100
101110000000101110
111100000100000001
110111001111100001
000111100110110001
000111000110000001
000110110000000100
000011100011000010
000100011101110001
111110000010111000
111110111010001000
000000000000000000
